0	,0	,0	,0	,1112.59810375,1089.6020549999998
0	,0	,0	,1	,1292.3514566666665,1037.6303333333333
0	,0	,0	,2	,1091.669958888889,1215.7704233333334
0	,0	,1	,0	,1257.7014863636364,1505.0955027272728
0	,0	,1	,1	,1240.8078,1624.4485399999999
0	,0	,1	,2	,1112.5342645454546,1413.119687272727
0	,0	,2	,0	,1468.4606835714283,1183.1366285714287
0	,0	,2	,1	,1366.030719090909,1272.214758181818
0	,0	,2	,2	,1504.823010769231,1408.4085746153846
0	,1	,0	,0	,1714.3681809999998,1666.5465680000002
0	,1	,0	,1	,1925.493199166667,1561.3134091666668
0	,1	,0	,2	,1630.5114733333332,1480.6040375
0	,1	,1	,0	,1406.6198918749997,1891.93539375
0	,1	,1	,1	,1164.1267166666669,1880.5172813333331
0	,1	,1	,2	,1415.1898447058823,1638.9856723529413
0	,1	,2	,0	,1974.0670833333334,1897.28558
0	,1	,2	,1	,1757.983568,1874.1213173333333
0	,1	,2	,2	,1616.3557700000001,1933.9929988888887
0	,2	,0	,0	,1891.7954027272726,964.74627
0	,2	,0	,1	,1708.7397305882353,813.14188
0	,2	,0	,2	,1882.0888958333335,726.8781541666666
0	,2	,1	,0	,1741.4393740000003,1248.20318
0	,2	,1	,1	,1924.9482307142857,1278.4928792857143
0	,2	,1	,2	,1815.8032016666666,1066.4001116666666
0	,2	,2	,0	,1483.7658954545454,920.74384
0	,2	,2	,1	,1678.26774625,1026.92152375
0	,2	,2	,2	,1570.4578559999998,1141.261753
1	,0	,0	,0	,648.74865,1199.279524
1	,0	,0	,1	,615.315156923077,1363.4321892307694
1	,0	,0	,2	,616.5819088888888,1541.198378888889
1	,0	,1	,0	,776.6823157142857,1822.010521428571
1	,0	,1	,1	,955.405752,1832.5364106666668
1	,0	,1	,2	,845.269748,1577.8539466666668
1	,0	,2	,0	,919.8570106666666,1064.9152660000002
1	,0	,2	,1	,835.5177169230768,1207.7234992307692
1	,0	,2	,2	,953.2314745454546,1403.7822227272725
1	,1	,0	,0	,77.45908789473684,1473.060426842105
1	,1	,0	,1	,340.94083555555557,1491.5330872222223
1	,1	,0	,2	,264.95115272727264,1607.0200100000002
1	,1	,1	,0	,609.9733041666667,1912.0719749999998
1	,1	,1	,1	,401.2612957142857,1905.7512957142858
1	,1	,1	,2	,470.75281999999993,1701.793229375
1	,1	,2	,0	,98.57496090909093,1912.518728181818
1	,1	,2	,1	,258.0721322222222,1873.1051777777777
1	,1	,2	,2	,97.27713555555555,1728.7083788888888
1	,2	,0	,0	,125.47446000000001,757.0154526666665
1	,2	,0	,1	,280.035334,939.3248219999999
1	,2	,0	,2	,394.6732400000001,769.1637954545455
1	,2	,1	,0	,400.46956800000004,1275.580855
1	,2	,1	,1	,279.4495475,1091.0759066666667
1	,2	,1	,2	,99.49770800000002,1192.051929
1	,2	,2	,0	,488.65949500000005,910.8786483333334
1	,2	,2	,1	,502.35914625,1100.8162387500001
1	,2	,2	,2	,663.8613031578947,1001.5813705263158
2	,0	,0	,0	,720.705279,550.540389
2	,0	,0	,1	,937.2013955555553,609.4686327777777
2	,0	,0	,2	,740.5685114285714,812.2547700000001
2	,0	,1	,0	,985.9370048,169.1469832
2	,0	,1	,1	,905.1318299999999,415.20081176470586
2	,0	,1	,2	,1148.12933,361.53695600000003
2	,0	,2	,0	,1321.2098721428572,720.9416214285714
2	,0	,2	,1	,1172.4152785714286,625.2862078571428
2	,0	,2	,2	,1029.9122145454544,858.8565540909091
2	,1	,0	,0	,1679.1983864285714,514.0233171428571
2	,1	,0	,1	,1460.4326124999998,675.224845
2	,1	,0	,2	,1472.5145982352942,418.84840352941177
2	,1	,1	,0	,1753.5595685714286,148.57902571428573
2	,1	,1	,1	,1927.6809372727273,195.92508181818184
2	,1	,1	,2	,1863.3602194444445,403.15024222222223
2	,1	,2	,0	,1357.2175750000001,276.656652
2	,1	,2	,1	,1579.4675913333333,97.27276133333335
2	,1	,2	,2	,1359.2904995652173,75.21156043478261
2	,2	,0	,0	,436.725366,611.9130319999999
2	,2	,0	,1	,598.936841818182,554.1920118181818
2	,2	,0	,2	,384.6598915384615,446.9595007692308
2	,2	,1	,0	,666.7207663636365,126.45068636363635
2	,2	,1	,1	,585.3703114285714,292.3483964285714
2	,2	,1	,2	,390.0393630769231,116.86379384615384
2	,2	,2	,0	,125.7910792857143,434.10879785714286
2	,2	,2	,1	,93.27479384615384,103.28819384615385
2	,2	,2	,2	,274.6051981818182,273.1645445454545
