0	,0	,0	,0	,Eric,1176.59106
0	,0	,0	,1	,Andrew,1356.10306
0	,0	,0	,2	,Sandra,1218.60772
0	,0	,1	,0	,Kevin,1375.79162
0	,0	,1	,1	,Christine,1267.06967
0	,0	,1	,2	,Amanda,1153.02907
0	,0	,2	,0	,Ann,1539.65243
0	,0	,2	,1	,Diane,1434.58917
0	,0	,2	,2	,Ashley,1626.00058
0	,1	,0	,0	,Wayne,1840.51212
0	,1	,0	,1	,Thomas,1997.85227
0	,1	,0	,2	,Louise,1770.35303
0	,1	,1	,0	,James,1527.76325
0	,1	,1	,1	,Donald,1267.48738
0	,1	,1	,2	,Nicole,1526.30474
0	,1	,2	,0	,Paula,1985.59547
0	,1	,2	,1	,Raymond,1837.01915
0	,1	,2	,2	,Gerald,1684.82914
0	,2	,0	,0	,Anne,1981.78594
0	,2	,0	,1	,Evelyn,1809.43815
0	,2	,0	,2	,Donna,1975.3627
0	,2	,1	,0	,Bonnie,1810.74224
0	,2	,1	,1	,Roy,1996.59027
0	,2	,1	,2	,John,1884.6453
0	,2	,2	,0	,Donna,1573.83781
0	,2	,2	,1	,Irene,1760.69654
0	,2	,2	,2	,Elizabeth,1646.38962
1	,0	,0	,0	,Samuel,665.64762
1	,0	,0	,1	,Stephanie,745.42596
1	,0	,0	,2	,Melissa,727.67304
1	,0	,1	,0	,Louis,864.63275
1	,0	,1	,1	,Douglas,1026.07475
1	,0	,1	,2	,Andrea,1010.19779
1	,0	,2	,0	,Doris,1008.43379
1	,0	,2	,1	,Sarah,937.34272
1	,0	,2	,2	,Adam,1002.23106
1	,1	,0	,0	,Charles,190.24865
1	,1	,0	,1	,Evelyn,429.62616
1	,1	,0	,2	,Thomas,366.04791
1	,1	,1	,0	,Douglas,756.16506
1	,1	,1	,1	,Rebecca,484.66172
1	,1	,1	,2	,Daniel,601.72716
1	,1	,2	,0	,Donald,171.84418
1	,1	,2	,1	,Katherine,312.69764
1	,1	,2	,2	,Eric,185.47219
1	,2	,0	,0	,Frances,252.79346
1	,2	,0	,1	,Katherine,396.56144
1	,2	,0	,2	,Linda,471.94682
1	,2	,1	,0	,Steven,447.08353
1	,2	,1	,1	,Mildred,379.26057
1	,2	,1	,2	,Ernest,200.31669
1	,2	,2	,0	,Stephanie,580.69419
1	,2	,2	,1	,Lisa,550.45294
1	,2	,2	,2	,Carol,761.75101
2	,0	,0	,0	,Lawrence,790.5823
2	,0	,0	,1	,Brenda,1024.33446
2	,0	,0	,2	,Judy,852.53788
2	,0	,1	,0	,Jessica,1114.73478
2	,0	,1	,1	,Kathryn,1034.70731
2	,0	,1	,2	,Lori,1232.19069
2	,0	,2	,0	,Theresa,1443.2877
2	,0	,2	,1	,Patricia,1332.49192
2	,0	,2	,2	,Matthew,1206.25344
2	,1	,0	,0	,Harold,1743.58156
2	,1	,0	,1	,Brian,1500.53429
2	,1	,0	,2	,Gregory,1575.2753
2	,1	,1	,0	,Raymond,1842.99898
2	,1	,1	,1	,Cynthia,1996.04895
2	,1	,1	,2	,Melissa,1985.58699
2	,1	,2	,0	,Phyllis,1429.95254
2	,1	,2	,1	,Melissa,1676.56816
2	,1	,2	,2	,Lori,1460.48012
2	,2	,0	,0	,Gregory,516.28725
2	,2	,0	,1	,Arthur,687.44458
2	,2	,0	,2	,Roger,500.92492
2	,2	,1	,0	,Roy,816.74338
2	,2	,1	,1	,Judy,722.58082
2	,2	,1	,2	,Doris,523.05646
2	,2	,2	,0	,Harry,205.99498
2	,2	,2	,1	,Harry,247.32496
2	,2	,2	,2	,Joseph,343.96899
