0	,0	,0	,1167.5760603846154,1115.2855096153846
0	,0	,1	,1189.7587024999998,1472.8860070833332
0	,0	,2	,1451.2496478947367,1285.9891213157891
0	,1	,0	,1759.2864082352942,1563.7786776470587
0	,1	,1	,1333.87596625,1798.7808739583336
0	,1	,2	,1758.7119316666663,1896.715674333333
0	,2	,0	,1811.4071992682925,833.9503582926827
0	,2	,1	,1844.6451753571432,1239.2538403571432
0	,2	,2	,1574.542169333333,1026.7530433333334
1	,0	,0	,621.9287951851852,1392.2889440740737
1	,0	,1	,876.9434786486486,1727.2953786486491
1	,0	,2	,901.1572230769228,1208.0958699999999
1	,1	,0	,222.61744851063827,1507.903150212766
1	,1	,1	,504.58725257142856,1814.6804125714282
1	,1	,2	,144.75227633333333,1836.5181249999998
1	,2	,0	,250.66321888888888,811.3689377777778
1	,2	,1	,261.0333540625,1180.28871
1	,2	,2	,592.8543909090909,1009.1469042424243
2	,0	,0	,831.6894155769231,581.4984696153846
2	,0	,1	,1049.5193880952384,249.11449857142864
2	,0	,2	,1126.2436394545457,756.3427858181819
2	,1	,0	,1553.8073151428575,486.2185337142858
2	,1	,1	,1844.065307441861,267.2555027906977
2	,1	,2	,1427.6639814583334,124.07341312500002
2	,2	,0	,469.2981620588235,530.1681164705883
2	,2	,1	,542.0953818421053,184.29116894736845
2	,2	,2	,157.74485815789475,274.34420210526315
