0	,0	,0	,0	,1103.906217142857,1089.64652
0	,0	,0	,1	,1280.460442,1042.79638
0	,0	,0	,2	,1091.669958888889,1215.7704233333334
0	,0	,1	,0	,1257.7014863636364,1505.0955027272728
0	,0	,1	,1	,1240.8078,1624.4485399999999
0	,0	,1	,2	,1112.5342645454546,1413.119687272727
0	,0	,2	,0	,1459.9267546666665,1183.522008
0	,0	,2	,1	,1372.5319754545455,1289.4647172727275
0	,0	,2	,2	,1512.5611308333334,1410.8870500000003
0	,1	,0	,0	,1714.3681809999998,1666.5465680000002
0	,1	,0	,1	,1925.493199166667,1561.3134091666664
0	,1	,0	,2	,1630.5114733333332,1480.6040375
0	,1	,1	,0	,1406.6198918749997,1891.93539375
0	,1	,1	,1	,1164.1267166666669,1880.5172813333331
0	,1	,1	,2	,1415.1898447058823,1638.9856723529413
0	,1	,2	,0	,1954.488807142857,1891.5370171428572
0	,1	,2	,1	,1742.78032625,1882.738501875
0	,1	,2	,2	,1599.350154285714,1933.8421542857143
0	,2	,0	,0	,1891.7954027272726,964.74627
0	,2	,0	,1	,1708.7397305882353,813.14188
0	,2	,0	,2	,1882.0888958333335,726.8781541666666
0	,2	,1	,0	,1741.4393740000003,1248.20318
0	,2	,1	,1	,1924.9482307142857,1278.4928792857143
0	,2	,1	,2	,1815.8032016666666,1066.4001116666666
0	,2	,2	,0	,1483.7658954545457,920.74384
0	,2	,2	,1	,1678.26774625,1026.92152375
0	,2	,2	,2	,1570.457856,1141.261753
1	,0	,0	,0	,648.74865,1199.279524
1	,0	,0	,1	,651.5664371428572,1338.5981842857143
1	,0	,0	,2	,599.1579439999999,1481.681105333333
1	,0	,1	,0	,776.6823157142857,1822.0105214285716
1	,0	,1	,1	,955.4057520000001,1832.536410666667
1	,0	,1	,2	,845.269748,1577.8539466666668
1	,0	,2	,0	,919.8570106666666,1064.9152660000002
1	,0	,2	,1	,818.9806981818183,1202.2095345454545
1	,0	,2	,2	,949.1145276923078,1378.2850046153844
1	,1	,0	,0	,77.45908789473684,1473.0604268421055
1	,1	,0	,1	,341.29931999999997,1487.4707252941178
1	,1	,0	,2	,270.7757733333333,1603.1511124999997
1	,1	,1	,0	,609.9733041666667,1912.0719749999996
1	,1	,1	,1	,401.26129571428567,1905.7512957142858
1	,1	,1	,2	,470.75282,1701.7932293749998
1	,1	,2	,0	,99.27495,1920.7420559999998
1	,1	,2	,1	,258.07213222222225,1873.1051777777777
1	,1	,2	,2	,96.706929,1738.866086
1	,2	,0	,0	,125.47446,757.0154526666666
1	,2	,0	,1	,280.03533400000003,939.3248219999999
1	,2	,0	,2	,394.67324,769.1637954545455
1	,2	,1	,0	,396.6816933333333,1288.4057233333333
1	,2	,1	,1	,342.64347250000003,1112.70319375
1	,2	,1	,2	,136.11895399999997,1151.4641106666666
1	,2	,2	,0	,488.65949500000005,910.8786483333334
1	,2	,2	,1	,502.35914625,1100.81623875
1	,2	,2	,2	,663.8613031578947,1001.5813705263158
2	,0	,0	,0	,720.705279,550.5403889999999
2	,0	,0	,1	,937.2013955555556,609.4686327777777
2	,0	,0	,2	,740.5685114285714,812.2547699999999
2	,0	,1	,0	,966.3162730000001,156.52575299999998
2	,0	,1	,1	,905.13183,415.2008117647058
2	,0	,1	,2	,1127.2019805000002,326.060693
2	,0	,2	,0	,1321.2098721428574,720.9416214285714
2	,0	,2	,1	,1172.4152785714286,625.2862078571427
2	,0	,2	,2	,1029.9122145454546,858.8565540909093
2	,1	,0	,0	,1679.8030022222224,471.3277500000001
2	,1	,0	,1	,1581.3645377777777,628.3640077777778
2	,1	,0	,2	,1472.5145982352942,418.84840352941177
2	,1	,1	,0	,1748.6304893333333,190.58024866666668
2	,1	,1	,1	,1917.4035875000002,170.15184499999998
2	,1	,1	,2	,1878.531739375,411.9662968749999
2	,1	,2	,0	,1381.2017366666666,257.6839975
2	,1	,2	,1	,1591.5206753846153,87.18845923076924
2	,1	,2	,2	,1359.2904995652173,75.21156043478261
2	,2	,0	,0	,447.101971111111,616.9270655555555
2	,2	,0	,1	,598.936841818182,554.1920118181818
2	,2	,0	,2	,381.7081792857143,455.51858857142855
2	,2	,1	,0	,666.7207663636365,126.45068636363636
2	,2	,1	,1	,585.3703114285715,292.34839642857145
2	,2	,1	,2	,390.0393630769231,116.86379384615384
2	,2	,2	,0	,125.79107928571429,434.10879785714286
2	,2	,2	,1	,97.83383928571428,112.85930785714287
2	,2	,2	,2	,286.355575,276.7526199999999
