0	,0	,0	,1217.3214473529415,1126.091375
0	,0	,1	,1181.6703147826086,1470.0005991304345
0	,0	,2	,1467.4621483870965,1326.3597903225807
0	,1	,0	,1892.194445625,1594.6695887499998
0	,1	,1	,1420.1579830303033,1724.0531466666673
0	,1	,2	,1753.2534733333334,1903.6402039999996
0	,2	,0	,1902.9134394444445,803.072815
0	,2	,1	,1888.753556666667,1290.3358544444445
0	,2	,2	,1665.143162380952,984.3223407936509
1	,0	,0	,709.1367097727272,1354.8321861363638
1	,0	,1	,866.6439284374999,1762.9877431250002
1	,0	,2	,942.5739607407404,1207.0090911111108
1	,1	,0	,187.6664424137931,1452.4754293103447
1	,1	,1	,451.9663955,1853.9289419999998
1	,1	,2	,208.0269665116279,1702.368863255814
1	,2	,0	,279.5532645454546,791.9022427272729
1	,2	,1	,297.8258174468085,1134.4502968085105
1	,2	,2	,653.2412838095238,991.830017142857
2	,0	,0	,901.1917407317075,352.5149256097562
2	,0	,1	,1047.5752892307692,124.85025923076925
2	,0	,2	,1038.986567894737,697.0886027368423
2	,1	,0	,1456.671628666667,379.3721811111111
2	,1	,1	,1774.2182803125004,257.22241359375
2	,1	,2	,1359.1613017647055,54.77508882352941
2	,2	,0	,500.43529499999994,560.916873076923
2	,2	,1	,497.87261420000004,215.6518294000001
2	,2	,2	,136.62112499999998,296.68911441176465
