0	,0	,0	,1167.5760603846154,1115.2855096153846
0	,0	,1	,1189.7587024999998,1472.8860070833332
0	,0	,2	,1451.2496478947367,1285.9891213157891
0	,1	,0	,1759.2864082352942,1563.7786776470587
0	,1	,1	,1333.87596625,1798.7808739583336
0	,1	,2	,1758.7119316666663,1896.715674333333
0	,2	,0	,1811.4071992682925,833.9503582926827
0	,2	,1	,1845.903891851852,1246.5632403703707
0	,2	,2	,1582.1588680645157,1027.2416561290322
1	,0	,0	,621.9287951851852,1392.2889440740737
1	,0	,1	,876.9434786486486,1727.2953786486491
1	,0	,2	,901.1572230769228,1208.0958699999999
1	,1	,0	,224.3302651111111,1501.1062146666666
1	,1	,1	,504.5872525714287,1814.6804125714284
1	,1	,2	,147.21020125000004,1825.5378796875004
1	,2	,0	,250.66321888888888,811.3689377777778
1	,2	,1	,261.0333540625,1180.28871
1	,2	,2	,592.854390909091,1009.1469042424238
2	,0	,0	,838.2728175000001,550.0676383333333
2	,0	,1	,1053.728219268293,247.19250439024395
2	,0	,2	,1097.1851975000002,762.6907209999997
2	,1	,0	,1553.807315142857,486.2185337142858
2	,1	,1	,1844.0653074418603,267.2555027906977
2	,1	,2	,1427.6639814583334,124.07341312500004
2	,2	,0	,469.29816205882344,530.1681164705883
2	,2	,1	,542.0953818421052,184.29116894736848
2	,2	,2	,157.74485815789478,274.3442021052632
