0	,0	,0	,0	,1078.589804,1080.052214
0	,0	,0	,1	,1261.5832433333333,1054.6023641666668
0	,0	,0	,2	,1091.6699588888887,1215.7704233333334
0	,0	,1	,0	,1257.7014863636361,1505.0955027272728
0	,0	,1	,1	,1240.8078,1624.4485399999999
0	,0	,1	,2	,1112.5342645454546,1413.119687272727
0	,0	,2	,0	,1449.3284022222222,1196.6577477777778
0	,0	,2	,1	,1363.60522625,1299.63781875
0	,0	,2	,2	,1512.5611308333334,1410.88705
0	,1	,0	,0	,1737.8636658333332,1659.6123558333331
0	,1	,0	,1	,1939.5236210000003,1548.587832
0	,1	,0	,2	,1630.5114733333332,1480.6040375000002
0	,1	,1	,0	,1406.6198918749997,1891.93539375
0	,1	,1	,1	,1164.1267166666669,1880.5172813333331
0	,1	,1	,2	,1415.1898447058823,1638.9856723529413
0	,1	,2	,0	,1938.3755374999998,1895.47974
0	,1	,2	,1	,1712.7170584210526,1898.1012442105264
0	,1	,2	,2	,1570.9098466666667,1891.2362233333333
0	,2	,0	,0	,1908.905695,976.7391500000001
0	,2	,0	,1	,1727.3721595238094,804.6345052380954
0	,2	,0	,2	,1899.7573354545457,767.9019063636365
0	,2	,1	,0	,1754.1381554545455,1247.8706681818182
0	,2	,1	,1	,1923.7216191666666,1291.688576666667
0	,2	,1	,2	,1839.7584342857142,1078.9275014285715
0	,2	,2	,0	,1483.7658954545457,920.74384
0	,2	,2	,1	,1678.26774625,1026.92152375
0	,2	,2	,2	,1570.457856,1141.261753
1	,0	,0	,0	,644.8497175,1190.94402
1	,0	,0	,1	,661.278052,1305.164472
1	,0	,0	,2	,605.9049077777777,1461.2335027777776
1	,0	,1	,0	,811.0269577777777,1793.6019733333335
1	,0	,1	,1	,956.3226607142858,1840.0452492857146
1	,0	,1	,2	,839.9392028571428,1571.9198399999998
1	,0	,2	,0	,900.5816752941176,1069.9345041176473
1	,0	,2	,1	,799.1168899999999,1217.0137349999998
1	,0	,2	,2	,940.0338674999999,1351.548121875
1	,1	,0	,0	,84.8808155,1468.4072965
1	,1	,0	,1	,347.93958333333336,1489.3602080000003
1	,1	,0	,2	,277.4161792307692,1600.3395953846154
1	,1	,1	,0	,603.4775366666667,1922.5022874999997
1	,1	,1	,1	,372.955842,1901.3938240000002
1	,1	,1	,2	,475.22467722222217,1718.7121038888893
1	,1	,2	,0	,108.09210909090908,1920.689399090909
1	,1	,2	,1	,275.43585,1889.3561833333333
1	,1	,2	,2	,120.06997333333334,1749.1922941666662
1	,2	,0	,0	,125.47446,757.0154526666666
1	,2	,0	,1	,273.23118999999997,906.291221818182
1	,2	,0	,2	,413.62158900000003,788.4846530000001
1	,2	,1	,0	,396.68169333333327,1288.405723333333
1	,2	,1	,1	,355.9080442857143,1116.805352857143
1	,2	,1	,2	,143.22348625,1147.24685875
1	,2	,2	,0	,488.65949500000005,910.8786483333334
1	,2	,2	,1	,502.35914625000004,1100.81623875
1	,2	,2	,2	,663.8613031578948,1001.5813705263158
2	,0	,0	,0	,720.705279,550.540389
2	,0	,0	,1	,937.2013955555553,609.4686327777777
2	,0	,0	,2	,740.5685114285714,812.2547700000001
2	,0	,1	,0	,975.6027688235292,139.79346235294116
2	,0	,1	,1	,916.5059188888889,417.27417222222226
2	,0	,1	,2	,1098.8751168181816,310.12358
2	,0	,2	,0	,1313.54611,733.596514
2	,0	,2	,1	,1172.4152785714284,625.2862078571428
2	,0	,2	,2	,1021.5150133333334,856.3847228571431
2	,1	,0	,0	,1679.5678475,462.02269
2	,1	,0	,1	,1591.396508,620.1044300000001
2	,1	,0	,2	,1472.5145982352942,418.84840352941177
2	,1	,1	,0	,1748.2920811764707,215.60715058823527
2	,1	,1	,1	,1917.4035874999997,170.151845
2	,1	,1	,2	,1897.4999850000002,413.20306571428574
2	,1	,2	,0	,1426.1289721428568,241.00128571428576
2	,1	,2	,1	,1589.8640472727275,61.78577727272727
2	,1	,2	,2	,1351.0243904347826,82.68966434782607
2	,2	,0	,0	,454.388444,649.169576
2	,2	,0	,1	,575.1889442857143,546.9824535714286
2	,2	,0	,2	,375.43667133333327,474.807582
2	,2	,1	,0	,666.7207663636362,126.45068636363636
2	,2	,1	,1	,585.3703114285715,292.34839642857145
2	,2	,1	,2	,390.0393630769231,116.86379384615385
2	,2	,2	,0	,125.79107928571428,434.10879785714286
2	,2	,2	,1	,111.7965225,128.272253125
2	,2	,2	,2	,305.5606425,286.9000575
