0	,0	,0	,1167.5760603846154,1115.2855096153846
0	,0	,1	,1189.7587024999998,1472.8860070833332
0	,0	,2	,1451.2496478947367,1285.9891213157891
0	,1	,0	,1759.2864082352942,1563.7786776470587
0	,1	,1	,1333.87596625,1798.7808739583336
0	,1	,2	,1758.7119316666663,1896.715674333333
0	,2	,0	,1811.4071992682925,833.9503582926827
0	,2	,1	,1842.5580900000002,1232.6043748275863
0	,2	,2	,1567.3153579310342,1026.0748951724138
1	,0	,0	,621.9287951851852,1392.2889440740737
1	,0	,1	,876.9434786486486,1727.2953786486491
1	,0	,2	,901.1572230769228,1208.0958699999999
1	,1	,0	,219.23167479166662,1510.686745625
1	,1	,1	,504.58725257142856,1814.680412571428
1	,1	,2	,147.67130965517242,1843.2423455172416
1	,2	,0	,250.66321888888888,811.3689377777778
1	,2	,1	,261.0333540625,1180.28871
1	,2	,2	,592.8543909090909,1009.1469042424243
2	,0	,0	,838.472200576923,607.6119903846154
2	,0	,1	,1026.2584363636363,247.36250045454545
2	,0	,2	,1141.7950650943396,751.3171520754717
2	,1	,0	,1553.807315142857,486.21853371428585
2	,1	,1	,1844.0653074418599,267.2555027906977
2	,1	,2	,1427.6639814583334,124.07341312500006
2	,2	,0	,469.2981620588235,530.1681164705883
2	,2	,1	,542.0953818421053,184.29116894736848
2	,2	,2	,157.74485815789473,274.34420210526315
