0	,0	,0	,0	,1055.9409966666667,1093.72576
0	,0	,0	,1	,1234.0979475,1075.97643375
0	,0	,0	,2	,1063.3696314285714,1214.3747185714287
0	,0	,1	,0	,1272.2896455555556,1500.42974
0	,0	,1	,1	,1240.8078,1624.4485399999999
0	,0	,1	,2	,1124.7681884615386,1430.4999561538461
0	,0	,2	,0	,1452.3046604,1230.9428940000003
0	,0	,2	,1	,1351.265592,1321.1700660000001
0	,0	,2	,2	,1510.4427687500001,1436.0204912500003
0	,1	,0	,0	,1750.3784292307691,1659.5241915384613
0	,1	,0	,1	,1943.853402222222,1536.3791222222221
0	,1	,0	,2	,1630.5114733333332,1480.6040375
0	,1	,1	,0	,1389.928368888889,1884.3035327777777
0	,1	,1	,1	,1149.9314138461539,1889.3278407692305
0	,1	,1	,2	,1415.1898447058825,1638.9856723529415
0	,1	,2	,0	,1923.5774544444446,1890.415177777778
0	,1	,2	,1	,1700.7624615789475,1904.9370757894737
0	,1	,2	,2	,1567.3370450000002,1846.964595
0	,2	,0	,0	,1976.7738399999998,978.841635
0	,2	,0	,1	,1729.9745509090912,813.5758631818181
0	,2	,0	,2	,1901.9002375000002,831.3629075000001
0	,2	,1	,0	,1805.6905935294114,1246.249517647059
0	,2	,1	,1	,1922.7405066666668,1327.94504
0	,2	,1	,2	,1860.7578642857145,1089.34582
0	,2	,2	,0	,1472.5285577777777,913.3024133333333
0	,2	,2	,1	,1635.6110463636362,1015.6662500000001
0	,2	,2	,2	,1578.6296499999999,1151.5690544444444
1	,0	,0	,0	,635.9811950000001,1183.68646
1	,0	,0	,1	,662.09766,1232.9335375
1	,0	,0	,2	,612.9392590476191,1442.5092580952382
1	,0	,1	,0	,842.2691881818181,1752.4996572727273
1	,0	,1	,1	,956.3226607142857,1840.0452492857146
1	,0	,1	,2	,816.1191991666666,1572.6499408333332
1	,0	,2	,0	,873.8435649999999,1079.1769827777778
1	,0	,2	,1	,785.7335,1240.26284
1	,0	,2	,2	,931.5107015,1322.51452
1	,1	,0	,0	,89.28847238095238,1472.6948047619046
1	,1	,0	,1	,359.48297583333334,1483.7008208333334
1	,1	,0	,2	,288.95111733333334,1585.4642026666668
1	,1	,1	,0	,568.33924,1967.3744228571427
1	,1	,1	,1	,358.10773666666665,1906.8991933333334
1	,1	,1	,2	,504.31423800000005,1760.8598359999999
1	,1	,2	,0	,118.61371833333332,1919.3320216666664
1	,1	,2	,1	,278.411105,1940.56321
1	,1	,2	,2	,153.48541000000003,1769.3944893333332
1	,2	,0	,0	,148.2950594117647,753.5869794117647
1	,2	,0	,1	,288.5450675,879.7153199999999
1	,2	,0	,2	,434.3312942857143,834.5313242857144
1	,2	,1	,0	,396.68169333333327,1288.405723333333
1	,2	,1	,1	,395.12159,1091.6795575
1	,2	,1	,2	,168.54977526315793,1147.7299463157894
1	,2	,2	,0	,488.65949500000005,910.8786483333334
1	,2	,2	,1	,502.35914625,1100.8162387500001
1	,2	,2	,2	,663.8613031578947,1001.5813705263158
2	,0	,0	,0	,716.0577000000001,520.1974042857144
2	,0	,0	,1	,919.3266119999998,610.5574465
2	,0	,0	,2	,736.380062,799.6583533333335
2	,0	,1	,0	,1000.8621399999998,114.58589538461538
2	,0	,1	,1	,963.6083566666667,432.8537472222222
2	,0	,1	,2	,1034.6710746153844,285.73687038461543
2	,0	,2	,0	,1276.2382505,751.7047170000001
2	,0	,2	,1	,1164.8147691666666,615.5339749999999
2	,0	,2	,2	,1003.6821438888886,851.196208888889
2	,1	,0	,0	,1713.225985,455.917595
2	,1	,0	,1	,1615.160552,612.668967
2	,1	,0	,2	,1494.2260271428572,431.775649047619
2	,1	,1	,0	,1753.2113157894737,240.97665894736846
2	,1	,1	,1	,1915.3314546666668,198.35817866666667
2	,1	,1	,2	,1917.0912666666668,437.5619355555556
2	,1	,2	,0	,1458.0119408333333,207.8095608333334
2	,1	,2	,1	,1589.8640472727275,61.78577727272727
2	,1	,2	,2	,1341.728932,111.28662200000001
2	,2	,0	,0	,424.535215,682.93459
2	,2	,0	,1	,560.994251875,535.671175
2	,2	,0	,2	,383.197440625,505.56924875
2	,2	,1	,0	,658.7591759999999,142.59910000000002
2	,2	,1	,1	,597.2687950000001,289.55152928571425
2	,2	,1	,2	,403.5906871428571,108.81085785714286
2	,2	,2	,0	,125.79107928571429,434.10879785714286
2	,2	,2	,1	,137.16656736842106,144.95889631578947
2	,2	,2	,2	,325.412944,318.66749599999997
