0	,0	,0	,1138.32828,1062.63822
0	,0	,1	,1153.02907,1482.74738
0	,0	,2	,1441.65313,1483.90261
0	,1	,0	,1979.71744,1487.5644
0	,1	,1	,1583.98849,1437.86103
0	,1	,2	,1980.17184,1974.47287
0	,2	,0	,1981.78594,966.03528
0	,2	,1	,1951.37312,1281.58097
0	,2	,2	,1824.30357,1033.80591
1	,0	,0	,874.06293,1255.00815
1	,0	,1	,975.56866,1825.52334
1	,0	,2	,893.85108,1248.52781
1	,1	,0	,88.72657,1446.0331
1	,1	,1	,378.13729,1944.50848
1	,1	,2	,159.05381,1717.06949
1	,2	,0	,355.8646,692.63015
1	,2	,1	,300.60928,1187.88473
1	,2	,2	,761.75101,903.91818
2	,0	,0	,975.78752,253.4972
2	,0	,1	,1063.48758,97.16862
2	,0	,2	,1156.71721,615.53902
2	,1	,0	,1414.54986,221.64346
2	,1	,1	,1644.7843,135.66172
2	,1	,2	,1355.34151,9.5325
2	,2	,0	,578.90957,594.06556
2	,2	,1	,530.05468,231.21946
2	,2	,2	,67.31667,430.51227
