0	,0	,0	,1167.5760603846154,1115.2855096153846
0	,0	,1	,1189.7587024999998,1472.8860070833332
0	,0	,2	,1451.2496478947367,1285.9891213157891
0	,1	,0	,1759.2864082352942,1563.7786776470587
0	,1	,1	,1333.87596625,1798.7808739583336
0	,1	,2	,1758.7119316666663,1896.715674333333
0	,2	,0	,1811.0847899999997,828.9539695
0	,2	,1	,1841.9496060000004,1225.9777593333333
0	,2	,2	,1567.315357931034,1026.0748951724136
1	,0	,0	,621.9287951851852,1392.288944074074
1	,0	,1	,876.9434786486488,1727.2953786486491
1	,0	,2	,901.1572230769226,1208.0958699999999
1	,1	,0	,219.23167479166662,1510.686745625
1	,1	,1	,504.58725257142856,1814.680412571428
1	,1	,2	,147.67130965517242,1843.2423455172416
1	,2	,0	,250.66321888888888,811.3689377777778
1	,2	,1	,261.0333540625,1180.28871
1	,2	,2	,592.854390909091,1009.1469042424241
2	,0	,0	,832.7957082608696,648.0266215217391
2	,0	,1	,1007.4271824528305,278.27026773584913
2	,0	,2	,1151.3764166,754.8406760000003
2	,1	,0	,1553.8073151428569,486.2185337142858
2	,1	,1	,1844.0653074418606,267.2555027906977
2	,1	,2	,1427.6639814583334,124.07341312500002
2	,2	,0	,469.2981620588235,530.1681164705883
2	,2	,1	,542.0953818421053,184.29116894736848
2	,2	,2	,157.74485815789473,274.34420210526315
