0	,0	,0	,1210.1784642424243,1126.6207848484848
0	,0	,1	,1189.7587024999998,1472.8860070833332
0	,0	,2	,1469.954028064516,1312.4685148387098
0	,1	,0	,1839.4338516666667,1571.4946970833334
0	,1	,1	,1383.2587496610165,1756.9564281355938
0	,1	,2	,1753.257363448276,1897.7629389655167
0	,2	,0	,1860.068457407408,810.6291855555556
0	,2	,1	,1861.0635270833336,1259.9241058333334
0	,2	,2	,1630.555253333333,991.0103535416669
1	,0	,0	,665.6215427272725,1384.3725166666666
1	,0	,1	,868.5049085294115,1749.7256573529412
1	,0	,2	,913.5955577777776,1206.7362230555552
1	,1	,0	,214.12141411764702,1466.403970882353
1	,1	,1	,487.371901081081,1831.7938964864868
1	,1	,2	,174.46960463414638,1752.3584651219508
1	,2	,0	,267.40081833333335,804.9334141666668
1	,2	,1	,277.11403631578946,1159.0419510526317
1	,2	,2	,621.6435285185186,1009.5989359259256
2	,0	,0	,891.6612087179487,416.8033353846154
2	,0	,1	,1060.1817266666667,197.51778814814813
2	,0	,2	,1034.5948231325303,731.4611110843374
2	,1	,0	,1487.934607179487,446.6193458974359
2	,1	,1	,1807.0792674074078,266.0155720370371
2	,1	,2	,1411.9456133333335,81.27768939393938
2	,2	,0	,482.48835700000006,549.1332286666668
2	,2	,1	,517.8264481818183,203.27673818181822
2	,2	,2	,146.9736722222222,278.76907555555556
