0	,0	,0	,0	,1029.97903,1126.23399
0	,0	,0	,1	,1157.80344,1099.08663
0	,0	,0	,2	,1034.09352,1211.43038
0	,0	,1	,0	,1273.94126,1513.16943
0	,0	,1	,1	,1214.54593,1637.81179
0	,0	,1	,2	,1153.02907,1482.74738
0	,0	,2	,0	,1434.58917,1301.34475
0	,0	,2	,1	,1357.79326,1369.15634
0	,0	,2	,2	,1441.65313,1483.90261
0	,1	,0	,0	,1795.4149,1631.48811
0	,1	,0	,1	,1979.71744,1487.5644
0	,1	,0	,2	,1583.98849,1437.86103
0	,1	,1	,0	,1355.50513,1940.41262
0	,1	,1	,1	,1212.93149,1987.99974
0	,1	,1	,2	,1449.57223,1520.57902
0	,1	,2	,0	,1965.04049,1982.46963
0	,1	,2	,1	,1618.14188,1954.92068
0	,1	,2	,2	,1542.9679,1910.12082
0	,2	,0	,0	,1981.78594,966.03528
0	,2	,0	,1	,1683.99347,885.32769
0	,2	,0	,2	,1952.49981,924.72577
0	,2	,1	,0	,1915.02025,1258.04682
0	,2	,1	,1	,1953.4263,1309.61612
0	,2	,1	,2	,1983.48983,1154.09184
0	,2	,2	,0	,1473.82696,887.50291
0	,2	,2	,1	,1597.22305,964.18842
0	,2	,2	,2	,1571.63177,1196.53405
1	,0	,0	,0	,638.65648,1180.6298
1	,0	,0	,1	,641.78886,1200.65848
1	,0	,0	,2	,626.40915,1423.47771
1	,0	,1	,0	,829.18073,1762.66687
1	,0	,1	,1	,939.18283,1853.13447
1	,0	,1	,2	,730.09808,1658.17932
1	,0	,2	,0	,753.27018,1171.51251
1	,0	,2	,1	,785.7335,1240.26284
1	,0	,2	,2	,844.53061,1280.78577
1	,1	,0	,0	,88.72657,1446.0331
1	,1	,0	,1	,371.94272,1511.46952
1	,1	,0	,2	,334.8466,1560.59324
1	,1	,1	,0	,433.58658,1991.63898
1	,1	,1	,1	,378.13729,1944.50848
1	,1	,1	,2	,471.67431,1780.30727
1	,1	,2	,0	,169.85213,1948.7488
1	,1	,2	,1	,287.07208,1982.31714
1	,1	,2	,2	,225.78585,1799.56889
1	,2	,0	,0	,154.61581,687.97384
1	,2	,0	,1	,308.29922,910.94398
1	,2	,0	,2	,396.56144,948.37672
1	,2	,1	,0	,336.9836,1260.69442
1	,2	,1	,1	,429.82866,1134.61722
1	,2	,1	,2	,241.69392,1157.43501
1	,2	,2	,0	,524.00801,935.5054
1	,2	,2	,1	,485.66793,1118.20599
1	,2	,2	,2	,577.94153,999.08355
2	,0	,0	,0	,790.5823,436.46858
2	,0	,0	,1	,909.8849,628.5837
2	,0	,0	,2	,722.21644,835.10844
2	,0	,1	,0	,953.95036,144.5968
2	,0	,1	,1	,935.5637,441.22101
2	,0	,1	,2	,975.78752,253.4972
2	,0	,2	,0	,1245.89513,789.51817
2	,0	,2	,1	,1088.86551,624.73389
2	,0	,2	,2	,1013.09007,693.42396
2	,1	,0	,0	,1743.58156,489.28483
2	,1	,0	,1	,1668.68798,598.63042
2	,1	,0	,2	,1609.77997,497.16727
2	,1	,1	,0	,1761.6746,333.23105
2	,1	,1	,1	,1951.45983,283.31839
2	,1	,1	,2	,1929.07589,404.15742
2	,1	,2	,0	,1512.87554,168.77196
2	,1	,2	,1	,1603.73112,95.96186
2	,1	,2	,2	,1337.38122,79.55498
2	,2	,0	,0	,335.29933,653.39456
2	,2	,0	,1	,587.84348,498.30865
2	,2	,0	,2	,343.33592,566.78673
2	,2	,1	,0	,544.17017,153.49212
2	,2	,1	,1	,586.46709,296.73098
2	,2	,1	,2	,474.04649,106.03243
2	,2	,2	,0	,68.89721,415.89807
2	,2	,2	,1	,157.10143,237.28379
2	,2	,2	,2	,334.63538,364.70218
