0	,0	,0	,1167.5760603846154,1115.2855096153846
0	,0	,1	,1189.7587024999998,1472.8860070833332
0	,0	,2	,1451.2496478947367,1285.9891213157891
0	,1	,0	,1759.2864082352942,1563.7786776470587
0	,1	,1	,1333.87596625,1798.7808739583336
0	,1	,2	,1758.7119316666663,1896.715674333333
0	,2	,0	,1821.258242972973,824.0751537837839
0	,2	,1	,1848.3698076923079,1253.0783407692304
0	,2	,2	,1603.0515324999997,1017.3012769444441
1	,0	,0	,621.9287951851852,1392.2889440740737
1	,0	,1	,873.3125391666667,1734.1081638888893
1	,0	,2	,903.819725,1214.9443509999996
1	,1	,0	,227.43755545454545,1498.3360561363634
1	,1	,1	,504.5872525714287,1814.6804125714284
1	,1	,2	,145.40411909090912,1819.4001618181821
1	,2	,0	,250.66321888888893,811.3689377777778
1	,2	,1	,261.03335406249994,1180.2887100000003
1	,2	,2	,592.854390909091,1009.1469042424241
2	,0	,0	,848.7843586363634,513.1898388636363
2	,0	,1	,1059.8809502500003,247.40262549999997
2	,0	,2	,1069.6817583076927,766.5096100000001
2	,1	,0	,1547.3659403030301,494.2800906060607
2	,1	,1	,1835.8886271111114,271.0753846666667
2	,1	,2	,1427.6639814583332,124.07341312500006
2	,2	,0	,469.29816205882355,530.1681164705883
2	,2	,1	,542.0953818421052,184.2911689473685
2	,2	,2	,157.7448581578947,274.34420210526315
