0	,0	,0	,1182.6365817857145,1116.91308
0	,0	,1	,1189.7587024999998,1472.8860070833332
0	,0	,2	,1455.2955527777776,1294.2067672222222
0	,1	,0	,1759.2864082352942,1563.7786776470587
0	,1	,1	,1333.87596625,1798.7808739583336
0	,1	,2	,1758.7119316666663,1896.715674333333
0	,2	,0	,1824.783515714286,816.6039645714285
0	,2	,1	,1848.3698076923076,1253.0783407692304
0	,2	,2	,1611.289134473684,1014.012839473684
1	,0	,0	,628.3451339285714,1397.5582935714285
1	,0	,1	,875.361860857143,1739.658947714286
1	,0	,2	,903.819725,1214.9443509999999
1	,1	,0	,232.17354976190478,1492.2403438095232
1	,1	,1	,504.5872525714287,1814.6804125714284
1	,1	,2	,144.4085508571429,1808.3684962857144
1	,2	,0	,250.66321888888888,811.3689377777778
1	,2	,1	,261.0333540625,1180.28871
1	,2	,2	,592.8543909090909,1009.1469042424241
2	,0	,0	,846.8557637209302,488.7003058139536
2	,0	,1	,1072.1987505263157,248.12347500000004
2	,0	,2	,1060.4810841176468,762.5996673529415
2	,1	,0	,1521.440637878788,485.5280233333333
2	,1	,1	,1823.0567189795916,275.98580816326535
2	,1	,2	,1424.2867063636365,111.80522181818179
2	,2	,0	,469.29816205882355,530.1681164705882
2	,2	,1	,542.0953818421051,184.29116894736845
2	,2	,2	,157.74485815789475,274.34420210526315
