0	,0	,0	,1202.80490483871,1118.9385406451615
0	,0	,1	,1189.7587024999998,1472.8860070833332
0	,0	,2	,1461.1367315151515,1308.4216696969695
0	,1	,0	,1770.667857647059,1565.4549070588237
0	,1	,1	,1339.279032040816,1796.9871171428572
0	,1	,2	,1750.88836137931,1901.1583324137926
0	,2	,0	,1837.9705271875005,814.3696090625
0	,2	,1	,1848.3698076923074,1253.0783407692309
0	,2	,2	,1616.6183729268294,1001.3121748780487
1	,0	,0	,634.8927786206897,1402.3439172413791
1	,0	,1	,877.0423029411767,1745.638876176471
1	,0	,2	,903.819725,1214.9443509999999
1	,1	,0	,232.14249549999994,1484.9178352499998
1	,1	,1	,498.5451644444446,1819.3369883333332
1	,1	,2	,145.35601305555556,1794.110035
1	,2	,0	,257.13309749999996,809.5420650000001
1	,2	,1	,264.9760991176471,1172.6795773529414
1	,2	,2	,602.4244912903225,1008.5725274193546
2	,0	,0	,853.58674525,462.25922075000005
2	,0	,1	,1069.5504874285716,235.7069645714286
2	,0	,2	,1049.9098271621622,750.8036485135135
2	,1	,0	,1507.711831111111,470.16251527777774
2	,1	,1	,1818.5283060000002,274.8345884
2	,1	,2	,1425.0473534999999,94.93947899999999
2	,2	,0	,472.896963030303,535.2681687878787
2	,2	,1	,531.6684940000001,187.20426825000007
2	,2	,2	,153.45208351351351,278.4281016216216
